1.924861200084170831e-01
7.615871752110427075e-18
2.740767442317123409e-02
3.016894453592382621e-17
6.564772480864710866e-03
9.400146655501610739e-18
2.028511050873766340e-03
-4.040258484641346933e-17
7.681973534508873503e-04
1.314679837433399556e-17
3.421465917688823639e-04
1.095836964109430300e-17
1.726913333980660081e-04
-1.355722554194810662e-17
9.590570491598408875e-05
-3.804739650168308639e-18
5.734146014110674133e-05
5.772979521791285658e-18
3.633193704435017563e-05
-1.935872625126022067e-17
2.411624098709111633e-05
2.359145576780836626e-17
1.662764726581307930e-05
9.488807182277494458e-18
1.183185435259049014e-05
-4.054534960269522148e-18
8.645992716401232033e-06
-8.540103811573076381e-18
6.462742968191553946e-06
-5.270556635171477072e-18
4.926037253615251981e-06
-5.002153070010270652e-18
3.819002622319935111e-06
3.363038437954792709e-18
3.005104889748615854e-06
-7.318364664277154930e-19
2.395863173430843663e-06
-4.925496588283756472e-18
1.932454057581079235e-06
5.625992835663062852e-18
1.574872986778036183e-06
5.903819642362473363e-19
1.295355627986294897e-06
-1.187540192050529075e-18
1.074277417349668497e-06
1.517883041479706208e-18
8.975360225771562839e-07
-5.204170427930421283e-18
7.548440053182711718e-07
1.734723475976807094e-18
6.385931593843111043e-07
1.694065894508600678e-18
5.430854978206132999e-07
-1.802486111757151122e-18
4.640039311434298805e-07
6.903318520122547763e-20
3.980424106028534028e-07
1.393369198233324058e-19
3.426438875251303258e-07
8.045754207731785346e-19
2.958122619837238380e-07
-2.517805435713407758e-19
2.559758121978403158e-07
1.404751203462053719e-18
2.218869052010616729e-07
-1.986054033294919023e-18
1.925475835039775965e-07
6.232044909423514745e-19
1.671538132416338555e-07
4.320794473282991120e-19
1.450533313608062884e-07
-7.654530865218705377e-19
1.257134998555577704e-07
-4.007921678390933933e-19
1.086965913065907047e-07
1.791024697189616370e-18
9.364064074007076712e-08
-9.329703954536594903e-19
8.024450092530742171e-08
-2.026327802958900835e-19
6.825609728186602263e-08
1.204457689938463597e-18
5.746313924976046702e-08
-8.933120481654171314e-19
4.768574118083479219e-08
-6.128151024486854469e-19
3.877057426478942124e-08
1.213286188616242062e-18
3.058640305933983227e-08
7.443798332364696046e-21
2.302164088278935489e-08
-3.508321132021156277e-19
1.599043982371675459e-08
3.310959973769066639e-19
9.570250871804590522e-09
-1.486432807409827542e-18
1.467594721677291728e-06
7.521652571618187011e-19
1.436207333220312563e-06
