3.393114044258278839e-02
2.016467810057268745e-19
3.278915871190973830e-02
1.960447168508237456e-17
7.853762543262950493e-03
-6.277996446812060538e-18
2.426808264320698925e-03
-8.179585413397964799e-18
9.190325510826688298e-04
-5.823986787083755556e-18
4.093269179658760057e-04
6.611727428030254872e-18
2.065991974194503807e-04
-6.752123139037655153e-18
1.147367460410637045e-04
2.390750493625262707e-18
6.860042951146044256e-05
-2.298635660611357545e-18
4.346569620115975602e-05
6.018169090241803909e-19
2.885145383192885691e-05
3.342392009865469138e-18
1.989247817187405015e-05
2.289741814665187392e-18
1.415503352212292592e-05
7.348010817431055441e-19
1.034362941644199316e-05
-3.369497064177606749e-18
7.731699582615396952e-06
-3.080658829163890333e-18
5.893262406568265270e-06
-1.428097549070750372e-18
4.568862033714715621e-06
7.674118502123961072e-19
3.595155855060006738e-06
1.931235119739804773e-19
2.866289807470890987e-06
-2.920569602132827569e-18
2.311890524502052289e-06
3.269547176401599309e-18
1.884098574633249036e-06
-8.131516293641283255e-20
1.549698110770033298e-06
1.626303258728256651e-18
1.285211294994317247e-06
-2.059984127722458425e-18
1.073766808504694921e-06
-1.192622389734054877e-18
9.030572791751245026e-07
1.301042606982605321e-18
7.639806330200240268e-07
3.252606517456513302e-19
6.497200859608299323e-07
-3.388131789017201356e-19
5.551108899747036769e-07
1.084202172485504434e-19
4.761978551635003779e-07
1.456896669277396583e-19
4.099218575169603744e-07
-2.541098841762901017e-20
3.538948638008389594e-07
5.980052607615360394e-19
3.062365453926722272e-07
-9.147955830346443662e-20
2.654542971564681161e-07
-7.724940478959219092e-19
2.303542131167687635e-07
5.217722955086490089e-19
1.999743877225234869e-07
-7.898582233146350662e-20
1.735344863722380123e-07
-5.650768549370251137e-19
1.503972878310709047e-07
-3.738591670943668122e-19
1.300391171011780242e-07
6.696324843637278118e-19
1.120269375546648457e-07
-1.501365899008247351e-19
9.600047183760136835e-08
-3.139315860761250632e-20
8.165815064236439330e-08
1.252285272956279658e-19
6.874600025808064125e-08
-9.020900888258298611e-20
5.704881456585113283e-08
6.654502591866597039e-20
4.638315872090909611e-08
3.114301919037647075e-19
3.659202925575438575e-08
-2.498747194400186000e-20
2.754192949972752514e-08
-6.475831579555143061e-20
1.913015534096016226e-08
-4.904188415704390479e-20
1.144936523622122268e-08
-2.738100176448530088e-19
1.755756271431749282e-06
4.459628467293891285e-19
1.718205983661930114e-06
