-2.038300084272748336e-17
3.853193008489502747e-02
-6.071532165918824830e-18
3.351100824690513014e-03
9.486769009248163798e-19
-1.292418087151354575e-02
-1.024571052998801690e-17
1.173077414674221085e-04
-3.415236843329338967e-18
1.967417899860853751e-03
8.239936510889833698e-18
-1.226705740006196754e-03
-7.562310153086393427e-18
1.965530742960804045e-03
2.710505431213761085e-19
1.132537314552643781e-03
5.082197683525802034e-18
-1.624361583001207154e-03
-4.445228907190568179e-18
-1.489141785871250323e-04
4.079310673976710433e-18
1.910835280227464981e-04
5.421010862427522170e-19
-6.378923779891870803e-04
-1.084202172485504434e-18
5.754222713846594492e-04
-2.263272035063490506e-18
6.147003152534828577e-04
3.997995511040297600e-19
-4.491926940295762186e-04
3.794707603699265519e-19
-1.429228179975063984e-05
-1.233279971202261294e-18
3.754848809140622074e-05
6.017322057294549609e-18
-4.438514418940406629e-04
-1.843143693225357538e-18
1.783610262399150349e-04
2.710505431213761085e-19
3.539814887941649855e-04
2.032879073410320814e-18
-1.526844310669775678e-04
-1.951563910473907981e-18
6.449369128172944415e-05
1.273937552670467710e-18
5.456732726083599223e-05
8.673617379884035472e-19
-3.178818767136778935e-04
-1.202151510390665756e-18
2.113920075017179136e-05
-1.517883041479706208e-18
1.942534304815973886e-04
2.093865445612630438e-18
-7.430249197936658265e-05
-1.409462824231155764e-18
9.211556362554907296e-05
4.743384504624081899e-19
9.236967983971206876e-05
1.897353801849632760e-18
-2.156331929313062530e-04
-2.114194236346733646e-18
-3.621636324624522376e-05
-2.981555974335137194e-19
9.606766613494993503e-05
2.710505431213761085e-19
-6.873096873919397982e-05
-5.421010862427522170e-20
8.396343857665166223e-05
7.928228386300251174e-19
1.175441634073962278e-04
1.536517766319300815e-18
-1.325895238332335316e-04
-1.212951180468158086e-18
-4.280475056520220608e-05
-3.117081245895825248e-19
4.372276831914635460e-05
7.995991022080595201e-19
-8.444511920789506956e-05
-1.856696220381426343e-18
5.472496184198713336e-05
1.744887871343858698e-19
1.223717088922254359e-04
2.127746763502802452e-18
-7.157436099894790070e-05
1.219727444046192488e-19
-2.486157057235365117e-05
-4.743384504624081899e-20
2.642239188306944395e-05
8.775261333554551513e-19
-9.842645953884310425e-05
-1.917682592583735968e-18
1.775376969570817464e-05
-4.167402100491157668e-19
1.089152792479760576e-04
1.829591166069288732e-18
-3.488663367454537638e-05
-9.554531645028507825e-19
-1.777344409985531348e-05
-1.016439536705160407e-18
