2.345207252587073088e-17
9.411715732260296507e-02
-1.673915774786808924e-17
1.326129702356885695e-02
-4.530196899712015182e-17
3.310304249974703288e-03
9.096644162588554249e-18
1.088489460248672283e-03
9.942115392846354472e-18
4.383995568523401873e-04
5.077009606723869445e-18
2.057464979196780143e-04
-5.319313969197802736e-18
1.083005036094022847e-04
-8.766182199151169481e-18
6.218384589419060087e-05
6.234162491791650496e-18
3.818335779641015198e-05
-1.069561737387805887e-17
2.472174803101279554e-05
1.066724177014503980e-17
1.670436970610428724e-05
9.465857883362823258e-18
1.168990519822773930e-05
5.682320526655473825e-18
8.423681961929483579e-06
-9.282422310723063841e-18
6.222245687717890638e-06
-9.634364500307225632e-18
4.694604975434720878e-06
3.005961111127901722e-18
3.607545384871170069e-06
-5.849503654619791354e-18
2.816868183152385009e-06
8.188796896699355315e-18
2.230580607317904102e-06
-1.665478532538768042e-18
1.788361559665864139e-06
2.070148523089510029e-18
1.449685253425271147e-06
1.240903267727549997e-18
1.186729676080948903e-06
-2.281906759903085113e-18
9.800202649686115715e-07
4.607859233063393845e-19
8.156849813801408944e-07
-2.168404344971008868e-18
6.836847225720650567e-07
9.232659125071873696e-20
5.766486543211900295e-07
-2.168404344971008868e-18
4.890931132846623730e-07
1.280713816248502113e-18
4.168886720351473903e-07
-4.768795493041710909e-19
3.568907457140806615e-07
-4.548566926755592821e-19
3.066798125255610708e-07
1.662513917223377991e-18
2.643762566183668872e-07
-1.871942813432003749e-19
2.285067491431445831e-07
5.886878983417387357e-19
1.979067026727391937e-07
-3.070494433796838729e-21
1.716482900110315678e-07
-1.330291713442480379e-18
1.489867905923990824e-07
4.286251410902776685e-19
1.293202188954231381e-07
-8.001020280204917609e-19
1.121586760226369369e-07
2.393926867177466333e-19
9.710088679006185580e-08
3.998260208836314569e-19
8.381609417879604010e-08
2.394290826646989665e-19
7.202998140320179230e-08
-1.609792733701698219e-19
6.151364542324077775e-08
-2.854732642818506990e-19
5.207489893879551583e-08
2.613874192055316392e-19
4.355136096298164590e-08
-2.312747361861512197e-19
3.580492915471451433e-08
5.934144083618667358e-19
2.871732456114830525e-08
-7.191756399719788514e-20
2.218647034705186658e-08
5.246723907362599239e-20
1.612351543886768210e-08
-1.975489282511391754e-19
1.045033776224568625e-08
-4.334110013193563483e-19
5.097303965419588967e-09
-6.392451773809797871e-21
2.407395182426773014e-06
4.663578119124965789e-19
